Patient Name: ZZ_RC, RC
Patient ID: ZZ_RC
Plan: Plan2PDD
Course: Virtual_phantom
Date: 03 March 2017 11:47:28
Exported by: rcole

Start: (0.00, -14.97, 1.00)
End:   (0.00, 14.92, 1.00)

	Field 1
0.000000	0.000000
0.025014	0.000000
0.050028	0.000000
0.075042	0.000000
0.100057	116.221113
0.125071	124.269212
0.150085	132.317311
0.175099	140.365410
0.200113	148.413509
0.225127	156.461609
0.250141	164.509708
0.275155	172.557807
0.300170	180.605906
0.325184	188.654005
0.350198	196.057016
0.375212	199.857486
0.400226	203.657956
0.425240	207.458426
0.450254	211.258896
0.475269	215.059366
0.500283	218.859836
0.525297	222.660306
0.550311	226.460776
0.575325	230.261246
0.600339	233.752372
0.625353	235.589017
0.650368	237.425662
0.675382	239.262307
0.700396	241.098952
0.725410	242.935597
0.750424	244.772242
0.775438	246.608888
0.800452	248.445533
0.825466	250.282178
0.850481	251.970686
0.875495	252.899472
0.900509	253.828259
0.925523	254.757046
0.950537	255.685833
0.975551	256.614619
1.000565	257.543406
1.025580	258.472193
1.050594	259.400980
1.075608	260.329767
1.100622	261.159929
1.125636	261.504532
1.150650	261.849134
1.175664	262.193736
1.200679	262.538338
1.225693	262.882940
1.250707	263.227543
1.275721	263.572145
1.300735	263.916747
1.325749	264.261349
1.350763	264.548833
1.375777	264.566062
1.400792	264.583290
1.425806	264.600518
1.450820	264.617747
1.475834	264.634975
1.500848	264.652204
1.525862	264.669432
1.550876	264.686660
1.575891	264.703889
1.600905	264.691782
1.625919	264.546148
1.650933	264.400514
1.675947	264.254880
1.700961	264.109247
1.725975	263.963613
1.750989	263.817979
1.776004	263.672345
1.801018	263.526711
1.826032	263.381078
1.851046	263.218525
1.876060	262.981818
1.901074	262.745110
1.926088	262.508403
1.951103	262.271696
1.976117	262.034989
2.001131	261.798282
2.026145	261.561575
2.051159	261.324868
2.076173	261.088161
2.101187	260.842029
2.126202	260.556088
2.151216	260.270147
2.176230	259.984206
2.201244	259.698265
2.226258	259.412324
2.251272	259.126383
2.276286	258.840442
2.301300	258.554502
2.326315	258.268561
2.351329	257.980842
2.376343	257.685880
2.401357	257.390918
2.426371	257.095957
2.451385	256.800995
2.476399	256.506033
2.501414	256.211071
2.526428	255.916110
2.551442	255.621148
2.576456	255.326186
2.601470	255.033304
2.626484	254.748600
2.651498	254.463896
2.676512	254.179193
2.701527	253.894489
2.726541	253.609785
2.751555	253.325081
2.776569	253.040378
2.801583	252.755674
2.826597	252.470970
2.851611	252.186778
2.876626	251.904532
2.901640	251.622285
2.926654	251.340038
2.951668	251.057792
2.976682	250.775545
3.001696	250.493298
3.026710	250.211052
3.051725	249.928805
3.076739	249.646558
3.101753	249.363961
3.126767	249.080076
3.151781	248.796192
3.176795	248.512307
3.201809	248.228422
3.226823	247.944537
3.251838	247.660653
3.276852	247.376768
3.301866	247.092883
3.326880	246.808998
3.351894	246.525563
3.376908	246.243723
3.401922	245.961883
3.426937	245.680043
3.451951	245.398203
3.476965	245.116363
3.501979	244.834523
3.526993	244.552683
3.552007	244.270843
3.577021	243.989003
3.602036	243.707349
3.627050	243.426333
3.652064	243.145318
3.677078	242.864303
3.702092	242.583288
3.727106	242.302273
3.752120	242.021257
3.777134	241.740242
3.802149	241.459227
3.827163	241.178212
3.852177	240.896344
3.877191	240.611641
3.902205	240.326937
3.927219	240.042233
3.952233	239.757529
3.977248	239.472825
4.002262	239.188122
4.027276	238.903418
4.052290	238.618714
4.077304	238.334010
4.102318	238.049792
4.127332	237.767139
4.152346	237.484485
4.177361	237.201832
4.202375	236.919179
4.227389	236.636525
4.252403	236.353872
4.277417	236.071219
4.302431	235.788565
4.327445	235.505912
4.352460	235.224749
4.377474	234.948247
4.402488	234.671745
4.427502	234.395243
4.452516	234.118741
4.477530	233.842239
4.502544	233.565737
4.527559	233.289235
4.552573	233.012733
4.577587	232.736232
4.602601	232.457287
4.627615	232.170934
4.652629	231.884580
4.677643	231.598227
4.702657	231.311874
4.727672	231.025521
4.752686	230.739167
4.777700	230.452814
4.802714	230.166461
4.827728	229.880107
4.852742	229.593339
4.877756	229.305347
4.902771	229.017356
4.927785	228.729365
4.952799	228.441373
4.977813	228.153382
5.002827	227.865391
5.027841	227.577399
5.052855	227.289408
5.077870	227.001416
5.102884	226.714702
5.127898	226.431636
5.152912	226.148571
5.177926	225.865505
5.202940	225.582439
5.227954	225.299374
5.252968	225.016308
5.277983	224.733242
5.302997	224.450176
5.328011	224.167111
5.353025	223.885133
5.378039	223.606174
5.403053	223.327215
5.428067	223.048256
5.453082	222.769297
5.478096	222.490338
5.503110	222.211378
5.528124	221.932419
5.553138	221.653460
5.578152	221.374501
5.603166	221.097538
5.628180	220.825956
5.653195	220.554374
5.678209	220.282792
5.703223	220.011210
5.728237	219.739628
5.753251	219.468046
5.778265	219.196464
5.803279	218.924882
5.828294	218.653300
5.853308	218.384213
5.878322	218.121663
5.903336	217.859113
5.928350	217.596563
5.953364	217.334014
5.978378	217.071464
6.003393	216.808914
6.028407	216.546365
6.053421	216.283815
6.078435	216.021265
6.103449	215.757905
6.128463	215.492480
6.153477	215.227055
6.178491	214.961630
6.203506	214.696205
6.228520	214.430781
6.253534	214.165356
6.278548	213.899931
6.303562	213.634506
6.328576	213.369081
6.353590	213.101178
6.378605	212.827133
6.403619	212.553088
6.428633	212.279043
6.453647	212.004998
6.478661	211.730954
6.503675	211.456909
6.528689	211.182864
6.553703	210.908819
6.578718	210.634774
6.603732	210.359047
6.628746	210.079263
6.653760	209.799479
6.678774	209.519696
6.703788	209.239912
6.728802	208.960128
6.753817	208.680344
6.778831	208.400560
6.803845	208.120776
6.828859	207.840993
6.853873	207.561209
6.878887	207.281425
6.903901	207.001641
6.928916	206.721857
6.953930	206.442073
6.978944	206.162290
7.003958	205.882506
7.028972	205.602722
7.053986	205.322938
7.079000	205.043154
7.104014	204.766119
7.129029	204.495361
7.154043	204.224604
7.179057	203.953847
7.204071	203.683090
7.229085	203.412332
7.254099	203.141575
7.279113	202.870818
7.304128	202.600061
7.329142	202.329303
7.354156	202.064652
7.379170	201.813586
7.404184	201.562520
7.429198	201.311454
7.454212	201.060388
7.479227	200.809322
7.504241	200.558256
7.529255	200.307190
7.554269	200.056124
7.579283	199.805058
7.604297	199.556065
7.629311	199.311562
7.654325	199.067060
7.679340	198.822558
7.704354	198.578056
7.729368	198.333553
7.754382	198.089051
7.779396	197.844549
7.804410	197.600046
7.829424	197.355544
7.854439	197.107612
7.879453	196.852440
7.904467	196.597267
7.929481	196.342095
7.954495	196.086922
7.979509	195.831749
8.004523	195.576577
8.029537	195.321404
8.054552	195.066231
8.079566	194.811059
8.104580	194.553471
8.129594	194.290916
8.154608	194.028361
8.179622	193.765805
8.204636	193.503250
8.229651	193.240694
8.254665	192.978139
8.279679	192.715583
8.304693	192.453028
8.329707	192.190472
8.354721	191.928056
8.379735	191.665919
8.404750	191.403782
8.429764	191.141644
8.454778	190.879507
8.479792	190.617370
8.504806	190.355232
8.529820	190.093095
8.554834	189.830958
8.579848	189.568820
8.604863	189.309039
8.629877	189.053867
8.654891	188.798694
8.679905	188.543522
8.704919	188.288349
8.729933	188.033176
8.754947	187.778004
8.779962	187.522831
8.804976	187.267658
8.829990	187.012486
8.855004	186.760560
8.880018	186.514826
8.905032	186.269093
8.930046	186.023359
8.955060	185.777625
8.980075	185.531892
9.005089	185.286158
9.030103	185.040424
9.055117	184.794690
9.080131	184.548957
9.105145	184.305518
9.130159	184.066348
9.155174	183.827178
9.180188	183.588008
9.205202	183.348838
9.230216	183.109668
9.255230	182.870498
9.280244	182.631328
9.305258	182.392158
9.330273	182.152989
9.355287	181.914692
9.380301	181.677979
9.405315	181.441266
9.430329	181.204553
9.455343	180.967840
9.480357	180.731127
9.505371	180.494415
9.530386	180.257702
9.555400	180.020989
9.580414	179.784276
9.605428	179.542976
9.630442	179.293553
9.655456	179.044131
9.680470	178.794709
9.705485	178.545287
9.730499	178.295865
9.755513	178.046442
9.780527	177.797020
9.805541	177.547598
9.830555	177.298176
9.855569	177.041381
9.880584	176.771850
9.905598	176.502318
9.930612	176.232787
9.955626	175.963255
9.980640	175.693723
10.005654	175.424192
10.030668	175.154660
10.055682	174.885129
10.080697	174.615597
10.105711	174.357215
10.130725	174.117632
10.155739	173.878050
10.180753	173.638468
10.205767	173.398885
10.230781	173.159303
10.255796	172.919721
10.280810	172.680138
10.305824	172.440556
10.330838	172.200974
10.355852	171.984958
10.380866	171.807737
10.405880	171.630516
10.430894	171.453295
10.455909	171.276074
10.480923	171.098853
10.505937	170.921632
10.530951	170.744411
10.555965	170.567190
10.580979	170.389969
10.605993	170.205823
10.631008	170.010549
10.656022	169.815275
10.681036	169.620001
10.706050	169.424726
10.731064	169.229452
10.756078	169.034178
10.781092	168.838904
10.806107	168.643629
10.831121	168.448355
10.856135	168.224659
10.881149	167.956358
10.906163	167.688058
10.931177	167.419758
10.956191	167.151458
10.981205	166.883158
11.006220	166.614858
11.031234	166.346558
11.056248	166.078257
11.081262	165.809957
11.106276	165.544575
11.131290	165.283663
11.156304	165.022751
11.181319	164.761840
11.206333	164.500928
11.231347	164.240016
11.256361	163.979105
11.281375	163.718193
11.306389	163.457282
11.331403	163.196370
11.356418	162.963720
11.381432	162.773371
11.406446	162.583023
11.431460	162.392674
11.456474	162.202326
11.481488	162.011977
11.506502	161.821629
11.531516	161.631280
11.556531	161.440931
11.581545	161.250583
11.606559	161.059399
11.631573	160.866995
11.656587	160.674590
11.681601	160.482185
11.706615	160.289780
11.731630	160.097376
11.756644	159.904971
11.781658	159.712566
11.806672	159.520162
11.831686	159.327757
11.856700	159.111364
11.881714	158.860711
11.906728	158.610057
11.931743	158.359403
11.956757	158.108750
11.981771	157.858096
12.006785	157.607442
12.031799	157.356789
12.056813	157.106135
12.081827	156.855482
12.106842	156.608422
12.131856	156.366376
12.156870	156.124331
12.181884	155.882286
12.206898	155.640241
12.231912	155.398196
12.256926	155.156151
12.281941	154.914105
12.306955	154.672060
12.331969	154.430015
12.356983	154.215224
12.381997	154.037590
12.407011	153.859957
12.432025	153.682323
12.457039	153.504690
12.482054	153.327057
12.507068	153.149423
12.532082	152.971790
12.557096	152.794156
12.582110	152.616523
12.607124	152.438187
12.632138	152.258916
12.657153	152.079644
12.682167	151.900373
12.707181	151.721101
12.732195	151.541830
12.757209	151.362558
12.782223	151.183287
12.807237	151.004015
12.832251	150.824744
12.857266	150.622123
12.882280	150.389105
12.907294	150.156086
12.932308	149.923067
12.957322	149.690049
12.982336	149.457030
13.007350	149.224012
13.032365	148.990993
13.057379	148.757974
13.082393	148.524956
13.107407	148.295547
13.132421	148.070730
13.157435	147.845913
13.182449	147.621096
13.207464	147.396280
13.232478	147.171463
13.257492	146.946646
13.282506	146.721829
13.307520	146.497012
13.332534	146.272196
13.357548	146.074077
13.382562	145.909159
13.407577	145.744240
13.432591	145.579322
13.457605	145.414404
13.482619	145.249485
13.507633	145.084567
13.532647	144.919649
13.557661	144.754730
13.582676	144.589812
13.607690	144.422489
13.632704	144.252244
13.657718	144.082000
13.682732	143.911755
13.707746	143.741510
13.732760	143.571265
13.757775	143.401020
13.782789	143.230775
13.807803	143.060530
13.832817	142.890285
13.857831	142.693602
13.882845	142.465509
13.907859	142.237416
13.932873	142.009323
13.957888	141.781231
13.982902	141.553138
14.007916	141.325045
14.032930	141.096952
14.057944	140.868859
14.082958	140.640766
14.107972	140.415138
14.132987	140.192371
14.158001	139.969605
14.183015	139.746839
14.208029	139.524072
14.233043	139.301306
14.258057	139.078540
14.283071	138.855773
14.308085	138.633007
14.333100	138.410241
14.358114	138.215145
14.383128	138.051464
14.408142	137.887783
14.433156	137.724102
14.458170	137.560421
14.483184	137.396739
14.508199	137.233058
14.533213	137.069377
14.558227	136.905696
14.583241	136.742015
14.608255	136.577943
14.633269	136.413437
14.658283	136.248931
14.683298	136.084425
14.708312	135.919919
14.733326	135.755413
14.758340	135.590907
14.783354	135.426401
14.808368	135.261895
14.833382	135.097389
14.858396	134.907896
14.883411	134.691292
14.908425	134.474689
14.933439	134.258085
14.958453	134.041482
14.983467	133.824878
15.008481	133.608275
15.033495	133.391671
15.058510	133.175068
15.083524	132.958464
15.108538	132.744646
15.133552	132.533781
15.158566	132.322917
15.183580	132.112052
15.208594	131.901188
15.233609	131.690323
15.258623	131.479459
15.283637	131.268594
15.308651	131.057729
15.333665	130.846865
15.358679	130.663387
15.383693	130.508309
15.408707	130.353231
15.433722	130.198152
15.458736	130.043074
15.483750	129.887995
15.508764	129.732917
15.533778	129.577838
15.558792	129.422760
15.583806	129.267682
15.608821	129.114238
15.633835	128.962453
15.658849	128.810668
15.683863	128.658883
15.708877	128.507098
15.733891	128.355313
15.758905	128.203528
15.783919	128.051743
15.808934	127.899958
15.833948	127.748172
15.858962	127.574546
15.883976	127.379271
15.908990	127.183997
15.934004	126.988723
15.959018	126.793449
15.984033	126.598175
16.009047	126.402900
16.034061	126.207626
16.059075	126.012352
16.084089	125.817078
16.109103	125.624512
16.134117	125.434570
16.159132	125.244628
16.184146	125.054686
16.209160	124.864744
16.234174	124.674802
16.259188	124.484861
16.284202	124.294919
16.309216	124.104977
16.334230	123.915035
16.359245	123.750797
16.384259	123.610908
16.409273	123.471019
16.434287	123.331130
16.459301	123.191241
16.484315	123.051352
16.509329	122.911463
16.534344	122.771574
16.559358	122.631684
16.584372	122.491795
16.609386	122.349985
16.634400	122.206396
16.659414	122.062807
16.684428	121.919218
16.709442	121.775629
16.734457	121.632040
16.759471	121.488451
16.784485	121.344862
16.809499	121.201273
16.834513	121.057684
16.859527	120.887185
16.884541	120.692323
16.909556	120.497462
16.934570	120.302600
16.959584	120.107738
16.984598	119.912876
17.009612	119.718014
17.034626	119.523153
17.059640	119.328291
17.084655	119.133429
17.109669	118.939436
17.134683	118.746212
17.159697	118.552989
17.184711	118.359765
17.209725	118.166541
17.234739	117.973317
17.259753	117.780094
17.284768	117.586870
17.309782	117.393646
17.334796	117.200422
17.359810	117.034694
17.384824	116.892754
17.409838	116.750815
17.434852	116.608875
17.459867	116.466936
17.484881	116.324996
17.509895	116.183057
17.534909	116.041117
17.559923	115.899178
17.584937	115.757238
17.609951	115.617294
17.634966	115.479038
17.659980	115.340781
17.684994	115.202524
17.710008	115.064267
17.735022	114.926011
17.760036	114.787754
17.785050	114.649497
17.810064	114.511241
17.835079	114.372984
17.860093	114.212497
17.885107	114.033632
17.910121	113.854767
17.935135	113.675902
17.960149	113.497037
17.985163	113.318172
18.010178	113.139308
18.035192	112.960443
18.060206	112.781578
18.085220	112.602713
18.110234	112.426119
18.135248	112.251361
18.160262	112.076603
18.185276	111.901845
18.210291	111.727087
18.235305	111.552328
18.260319	111.377570
18.285333	111.202812
18.310347	111.028054
18.335361	110.853296
18.360375	110.704206
18.385390	110.575388
18.410404	110.446571
18.435418	110.317753
18.460432	110.188935
18.485446	110.060117
18.510460	109.931300
18.535474	109.802482
18.560489	109.673664
18.585503	109.544847
18.610517	109.416957
18.635531	109.289783
18.660545	109.162609
18.685559	109.035435
18.710573	108.908261
18.735587	108.781087
18.760602	108.653913
18.785616	108.526739
18.810630	108.399565
18.835644	108.272391
18.860658	108.120897
18.885672	107.951058
18.910686	107.781220
18.935701	107.611382
18.960715	107.441543
18.985729	107.271705
19.010743	107.101867
19.035757	106.932029
19.060771	106.762190
19.085785	106.592352
19.110800	106.423694
19.135814	106.255906
19.160828	106.088119
19.185842	105.920331
19.210856	105.752543
19.235870	105.584755
19.260884	105.416967
19.285898	105.249180
19.310913	105.081392
19.335927	104.913604
19.360941	104.771571
19.385955	104.648086
19.410969	104.524600
19.435983	104.401115
19.460997	104.277629
19.486012	104.154144
19.511026	104.030659
19.536040	103.907173
19.561054	103.783688
19.586068	103.660202
19.611082	103.536959
19.636096	103.413886
19.661110	103.290813
19.686125	103.167740
19.711139	103.044667
19.736153	102.921594
19.761167	102.798521
19.786181	102.675448
19.811195	102.552375
19.836209	102.429302
19.861224	102.280703
19.886238	102.114559
19.911252	101.948415
19.936266	101.782271
19.961280	101.616127
19.986294	101.449983
20.011308	101.283839
20.036323	101.117695
20.061337	100.951551
20.086351	100.785406
20.111365	100.619502
20.136379	100.453759
20.161393	100.288016
20.186407	100.122273
20.211421	99.956530
20.236436	99.790787
20.261450	99.625044
20.286464	99.459301
20.311478	99.293558
20.336492	99.127815
20.361506	98.988838
20.386520	98.867415
20.411535	98.745991
20.436549	98.624568
20.461563	98.503144
20.486577	98.381721
20.511591	98.260297
20.536605	98.138874
20.561619	98.017450
20.586633	97.896027
20.611648	97.779100
20.636662	97.665054
20.661676	97.551007
20.686690	97.436961
20.711704	97.322914
20.736718	97.208868
20.761732	97.094821
20.786747	96.980775
20.811761	96.866729
20.836775	96.752682
20.861789	96.619198
20.886803	96.473558
20.911817	96.327919
20.936831	96.182279
20.961846	96.036640
20.986860	95.891001
21.011874	95.745361
21.036888	95.599722
21.061902	95.454082
21.086916	95.308443
21.111930	95.164588
21.136944	95.021824
21.161959	94.879060
21.186973	94.736296
21.211987	94.593531
21.237001	94.450767
21.262015	94.308003
21.287029	94.165238
21.312043	94.022474
21.337058	93.879710
21.362072	93.760336
21.387086	93.654904
21.412100	93.549472
21.437114	93.444039
21.462128	93.338607
21.487142	93.233175
21.512157	93.127743
21.537171	93.022310
21.562185	92.916878
21.587199	92.811446
21.612213	92.704717
21.637227	92.597235
21.662241	92.489752
21.687255	92.382269
21.712270	92.274786
21.737284	92.167304
21.762298	92.059821
21.787312	91.952338
21.812326	91.844856
21.837340	91.737373
21.862354	91.604244
21.887369	91.456554
21.912383	91.308864
21.937397	91.161174
21.962411	91.013484
21.987425	90.865794
22.012439	90.718104
22.037453	90.570414
22.062467	90.422724
22.087482	90.275034
22.112496	90.127086
22.137510	89.978995
22.162524	89.830905
22.187538	89.682814
22.212552	89.534723
22.237566	89.386632
22.262581	89.238541
22.287595	89.090450
22.312609	88.942359
22.337623	88.794269
22.362637	88.672271
22.387651	88.564376
22.412665	88.456481
22.437680	88.348586
22.462694	88.240691
22.487708	88.132796
22.512722	88.024900
22.537736	87.917005
22.562750	87.809110
22.587764	87.701215
22.612778	87.597618
22.637793	87.496287
22.662807	87.394955
22.687821	87.293624
22.712835	87.192293
22.737849	87.090961
22.762863	86.989630
22.787877	86.888299
22.812892	86.786967
22.837906	86.685636
22.862920	86.565882
22.887934	86.436658
22.912948	86.307433
22.937962	86.178209
22.962976	86.048985
22.987991	85.919760
23.013005	85.790536
23.038019	85.661311
23.063033	85.532087
23.088047	85.402863
23.113061	85.274729
23.138075	85.147143
23.163089	85.019557
23.188104	84.891970
23.213118	84.764384
23.238132	84.636798
23.263146	84.509211
23.288160	84.381625
23.313174	84.254039
23.338188	84.126452
23.363203	84.021190
23.388217	83.926834
23.413231	83.832479
23.438245	83.738124
23.463259	83.643769
23.488273	83.549413
23.513287	83.455058
23.538301	83.360703
23.563316	83.266348
23.588330	83.171992
23.613344	83.076807
23.638358	82.981226
23.663372	82.885645
23.688386	82.790064
23.713400	82.694483
23.738415	82.598902
23.763429	82.503321
23.788443	82.407740
23.813457	82.312160
23.838471	82.216579
23.863485	82.096335
23.888499	81.964648
23.913514	81.832960
23.938528	81.701273
23.963542	81.569586
23.988556	81.437899
24.013570	81.306211
24.038584	81.174524
24.063598	81.042837
24.088612	80.911150
24.113627	80.778610
24.138641	80.645686
24.163655	80.512762
24.188669	80.379837
24.213683	80.246913
24.238697	80.113989
24.263711	79.981064
24.288726	79.848140
24.313740	79.715215
24.338754	79.582291
24.363768	79.473873
24.388782	79.376242
24.413796	79.278610
24.438810	79.180979
24.463824	79.083347
24.488839	78.985716
24.513853	78.888085
24.538867	78.790453
24.563881	78.692822
24.588895	78.595191
24.613909	78.500999
24.638923	78.408282
24.663938	78.315565
24.688952	78.222848
24.713966	78.130131
24.738980	78.037413
24.763994	77.944696
24.789008	77.851979
24.814022	77.759262
24.839037	77.666545
24.864051	77.554144
24.889065	77.433534
24.914079	77.312924
24.939093	77.192314
24.964107	77.071704
24.989121	76.951093
25.014135	76.830483
25.039150	76.709873
25.064164	76.589263
25.089178	76.468653
25.114192	76.348625
25.139206	76.228834
25.164220	76.109043
25.189234	75.989251
25.214249	75.869460
25.239263	75.749669
25.264277	75.629878
25.289291	75.510087
25.314305	75.390296
25.339319	75.270504
25.364333	75.173656
25.389348	75.085865
25.414362	74.998073
25.439376	74.910282
25.464390	74.822490
25.489404	74.734699
25.514418	74.646907
25.539432	74.559116
25.564446	74.471324
25.589461	74.383533
25.614475	74.298709
25.639489	74.215024
25.664503	74.131339
25.689517	74.047654
25.714531	73.963969
25.739545	73.880284
25.764560	73.796600
25.789574	73.712915
25.814588	73.629230
25.839602	73.545545
25.864616	73.441538
25.889630	73.329949
25.914644	73.218359
25.939658	73.106770
25.964673	72.995181
25.989687	72.883591
26.014701	72.772002
26.039715	72.660413
26.064729	72.548823
26.089743	72.437234
26.114757	72.325645
26.139772	72.214055
26.164786	72.102466
26.189800	71.990877
26.214814	71.879287
26.239828	71.767698
26.264842	71.656108
26.289856	71.544519
26.314871	71.432930
26.339885	71.321340
26.364899	71.230994
26.389913	71.148128
26.414927	71.065263
26.439941	70.982397
26.464955	70.899531
26.489969	70.816665
26.514984	70.733799
26.539998	70.650934
26.565012	70.568068
26.590026	70.485202
26.615040	70.403557
26.640054	70.322329
26.665068	70.241101
26.690083	70.159874
26.715097	70.078646
26.740111	69.997418
26.765125	69.916190
26.790139	69.834963
26.815153	69.753735
26.840167	69.672507
26.865181	69.569101
26.890196	69.458336
26.915210	69.347572
26.940224	69.236807
26.965238	69.126042
26.990252	69.015278
27.015266	68.904513
27.040280	68.793749
27.065295	68.682984
27.090309	68.572220
27.115323	68.460835
27.140337	68.349252
27.165351	68.237668
27.190365	68.126084
27.215379	68.014501
27.240394	67.902917
27.265408	67.791334
27.290422	67.679750
27.315436	67.568166
27.340450	67.456583
27.365464	67.367511
27.390478	67.285465
27.415492	67.203418
27.440507	67.121371
27.465521	67.039324
27.490535	66.957277
27.515549	66.875231
27.540563	66.793184
27.565577	66.711137
27.590591	66.629090
27.615606	66.551450
27.640620	66.475142
27.665634	66.398835
27.690648	66.322527
27.715662	66.246219
27.740676	66.169911
27.765690	66.093603
27.790705	66.017295
27.815719	65.940988
27.840733	65.864680
27.865747	65.770288
27.890761	65.670601
27.915775	65.570913
27.940789	65.471226
27.965803	65.371538
27.990818	65.271851
28.015832	65.172163
28.040846	65.072475
28.065860	64.972788
28.090874	64.873100
28.115888	64.773413
28.140902	64.673725
28.165917	64.574038
28.190931	64.474350
28.215945	64.374663
28.240959	64.274975
28.265973	64.175287
28.290987	64.075600
28.316001	63.975912
28.341015	63.876225
28.366030	63.797142
28.391044	63.723709
28.416058	63.650276
28.441072	63.576844
28.466086	63.503411
28.491100	63.429979
28.516114	63.356546
28.541129	63.283113
28.566143	63.209681
28.591157	63.136248
28.616171	63.065084
28.641185	62.994521
28.666199	62.923958
28.691213	62.853395
28.716228	62.782831
28.741242	62.712268
28.766256	62.641705
28.791270	62.571142
28.816284	62.500579
28.841298	62.430016
28.866312	62.340841
28.891326	62.246898
28.916341	62.152955
28.941355	62.059012
28.966369	61.965069
28.991383	61.871126
29.016397	61.777184
29.041411	61.683241
29.066425	61.589298
29.091440	61.495355
29.116454	61.400751
29.141468	61.305983
29.166482	61.211216
29.191496	61.116448
29.216510	61.021680
29.241524	60.926913
29.266539	60.832145
29.291553	60.737378
29.316567	60.642610
29.341581	60.547842
29.366595	60.472950
29.391609	60.402799
29.416623	60.332649
29.441637	60.262498
29.466652	60.192347
29.491666	60.122197
29.516680	60.052046
29.541694	59.981895
29.566708	59.911744
29.591722	59.841594
29.616736	59.197753
29.641751	58.421989
29.666765	57.646224
29.691779	56.870460
29.716793	56.094695
29.741807	55.318931
29.766821	54.543166
29.791835	53.767402
29.816849	52.991637
29.841864	52.215873
29.866878	47.809473
29.891892	42.599007
