Patient Name: ZZ_RC, RC
Patient ID: ZZ_RC
Plan: Plan2PDD
Course: Virtual_phantom
Date: 03 March 2017 12:08:38
Exported by: rcole

Start: (0.00, -14.97, 1.00)
End:   (0.00, 14.92, 1.00)

	Field 1
0.000000	142.257285
0.025014	165.702194
0.050028	189.147104
0.075042	212.592014
0.100057	236.036923
0.125071	259.481833
0.150085	282.926743
0.175099	306.371652
0.200113	329.816562
0.225127	351.106688
0.250141	360.094307
0.275155	369.081927
0.300170	378.069546
0.325184	387.057165
0.350198	396.044785
0.375212	405.032404
0.400226	414.020023
0.425240	423.007643
0.450254	431.995262
0.475269	440.250751
0.500283	444.505660
0.525297	448.760569
0.550311	453.015478
0.575325	457.270387
0.600339	461.525296
0.625353	465.780204
0.650368	470.035113
0.675382	474.290022
0.700396	478.544931
0.725410	482.587135
0.750424	485.515515
0.775438	488.443895
0.800452	491.372275
0.825466	494.300655
0.850481	497.229035
0.875495	500.157415
0.900509	503.085795
0.925523	506.014175
0.950537	508.942555
0.975551	511.517111
1.000565	512.313993
1.025580	513.110875
1.050594	513.907757
1.075608	514.704639
1.100622	515.501521
1.125636	516.298403
1.150650	517.095284
1.175664	517.892166
1.200679	518.689048
1.225693	519.415314
1.250707	519.800800
1.275721	520.186285
1.300735	520.571770
1.325749	520.957255
1.350763	521.342741
1.375777	521.728226
1.400792	522.113711
1.425806	522.499197
1.450820	522.884682
1.475834	523.154724
1.500848	522.889093
1.525862	522.623462
1.550876	522.357831
1.575891	522.092200
1.600905	521.826569
1.625919	521.560938
1.650933	521.295307
1.675947	521.029675
1.700961	520.764044
1.725975	520.482710
1.750989	520.131246
1.776004	519.779783
1.801018	519.428319
1.826032	519.076855
1.851046	518.725391
1.876060	518.373927
1.901074	518.022464
1.926088	517.671000
1.951103	517.319536
1.976117	516.932025
2.001131	516.389434
2.026145	515.846843
2.051159	515.304251
2.076173	514.761660
2.101187	514.219069
2.126202	513.676478
2.151216	513.133886
2.176230	512.591295
2.201244	512.048704
2.226258	511.506110
2.251272	510.963508
2.276286	510.420905
2.301300	509.878302
2.326315	509.335699
2.351329	508.793097
2.376343	508.250494
2.401357	507.707891
2.426371	507.165289
2.451385	506.622686
2.476399	506.068753
2.501414	505.469470
2.526428	504.870188
2.551442	504.270906
2.576456	503.671623
2.601470	503.072341
2.626484	502.473059
2.651498	501.873777
2.676512	501.274494
2.701527	500.675212
2.726541	500.083921
2.751555	499.523517
2.776569	498.963114
2.801583	498.402710
2.826597	497.842306
2.851611	497.281902
2.876626	496.721498
2.901640	496.161094
2.926654	495.600690
2.951668	495.040287
2.976682	494.476118
3.001696	493.897890
3.026710	493.319662
3.051725	492.741434
3.076739	492.163206
3.101753	491.584979
3.126767	491.006751
3.151781	490.428523
3.176795	489.850295
3.201809	489.272067
3.226823	488.701214
3.251838	488.156996
3.276852	487.612778
3.301866	487.068561
3.326880	486.524343
3.351894	485.980125
3.376908	485.435907
3.401922	484.891689
3.426937	484.347471
3.451951	483.803253
3.476965	483.252911
3.501979	482.681166
3.526993	482.109422
3.552007	481.537677
3.577021	480.965933
3.602036	480.394189
3.627050	479.822444
3.652064	479.250700
3.677078	478.678956
3.702092	478.107211
3.727106	477.540271
3.752120	476.989581
3.777134	476.438891
3.802149	475.888201
3.827163	475.337511
3.852177	474.786821
3.877191	474.236131
3.902205	473.685441
3.927219	473.134751
3.952233	472.584061
3.977248	472.028445
4.002262	471.456690
4.027276	470.884934
4.052290	470.313178
4.077304	469.741422
4.102318	469.169666
4.127332	468.597910
4.152346	468.026155
4.177361	467.454399
4.202375	466.882643
4.227389	466.320200
4.252403	465.787334
4.277417	465.254468
4.302431	464.721602
4.327445	464.188736
4.352460	463.655870
4.377474	463.123004
4.402488	462.590138
4.427502	462.057272
4.452516	461.524406
4.477530	460.983199
4.502544	460.416300
4.527559	459.849401
4.552573	459.282502
4.577587	458.715603
4.602601	458.148704
4.627615	457.581805
4.652629	457.014906
4.677643	456.448008
4.702657	455.881109
4.727672	455.322744
4.752686	454.789878
4.777700	454.257012
4.802714	453.724146
4.827728	453.191280
4.852742	452.658414
4.877756	452.125548
4.902771	451.592682
4.927785	451.059817
4.952799	450.526951
4.977813	449.985361
5.002827	449.418474
5.027841	448.851586
5.052855	448.284699
5.077870	447.717811
5.102884	447.150924
5.127898	446.584037
5.152912	446.017149
5.177926	445.450262
5.202940	444.883374
5.227954	444.326246
5.252968	443.796599
5.277983	443.266952
5.302997	442.737305
5.328011	442.207658
5.353025	441.678011
5.378039	441.148364
5.403053	440.618717
5.428067	440.089070
5.453082	439.559423
5.478096	439.021542
5.503110	438.461138
5.528124	437.900734
5.553138	437.340330
5.578152	436.779926
5.603166	436.219522
5.628180	435.659118
5.653195	435.098714
5.678209	434.538311
5.703223	433.977907
5.728237	433.426800
5.753251	432.900406
5.778265	432.374012
5.803279	431.847619
5.828294	431.321225
5.853308	430.794831
5.878322	430.268437
5.903336	429.742043
5.928350	429.215649
5.953364	428.689256
5.978378	428.154724
6.003393	427.599166
6.028407	427.043608
6.053421	426.488049
6.078435	425.932491
6.103449	425.376932
6.128463	424.821374
6.153477	424.265816
6.178491	423.710257
6.203506	423.154699
6.228520	422.609288
6.253534	422.089378
6.278548	421.569468
6.303562	421.049558
6.328576	420.529647
6.353590	420.009737
6.378605	419.489827
6.403619	418.969917
6.428633	418.450006
6.453647	417.930096
6.478661	417.401719
6.503675	416.852644
6.528689	416.303569
6.553703	415.754494
6.578718	415.205419
6.603732	414.656345
6.628746	414.107270
6.653760	413.558195
6.678774	413.009120
6.703788	412.460045
6.728802	411.921996
6.753817	411.410173
6.778831	410.898350
6.803845	410.386527
6.828859	409.874704
6.853873	409.362881
6.878887	408.851058
6.903901	408.339235
6.928916	407.827412
6.953930	407.315589
6.978944	406.794485
7.003958	406.251894
7.028972	405.709303
7.053986	405.166712
7.079000	404.624120
7.104014	404.081529
7.129029	403.538938
7.154043	402.996347
7.179057	402.453755
7.204071	401.911164
7.229085	401.380019
7.254099	400.874680
7.279113	400.369340
7.304128	399.864001
7.329142	399.358661
7.354156	398.853322
7.379170	398.347983
7.404184	397.842643
7.429198	397.337304
7.454212	396.831964
7.479227	396.314459
7.504241	395.770241
7.529255	395.226023
7.554269	394.681805
7.579283	394.137587
7.604297	393.593369
7.629311	393.049151
7.654325	392.504934
7.679340	391.960716
7.704354	391.416498
7.729368	390.885698
7.754382	390.383601
7.779396	389.881503
7.804410	389.379405
7.829424	388.877308
7.854439	388.375210
7.879453	387.873112
7.904467	387.371015
7.929481	386.868917
7.954495	386.366819
7.979509	385.857368
8.004523	385.332589
8.029537	384.807811
8.054552	384.283032
8.079566	383.758253
8.104580	383.233475
8.129594	382.708696
8.154608	382.183917
8.179622	381.659139
8.204636	381.134360
8.229651	380.621870
8.254665	380.134343
8.279679	379.646816
8.304693	379.159289
8.329707	378.671762
8.354721	378.184235
8.379735	377.696709
8.404750	377.209182
8.429764	376.721655
8.454778	376.234128
8.479792	375.738449
8.504806	375.226626
8.529820	374.714803
8.554834	374.202980
8.579848	373.691157
8.604863	373.179334
8.629877	372.667511
8.654891	372.155688
8.679905	371.643865
8.704919	371.132042
8.729933	370.631275
8.754947	370.151859
8.779962	369.672442
8.804976	369.193025
8.829990	368.713609
8.855004	368.234192
8.880018	367.754775
8.905032	367.275359
8.930046	366.795942
8.955060	366.316525
8.980075	365.829238
9.005089	365.327129
9.030103	364.825020
9.055117	364.322911
9.080131	363.820802
9.105145	363.318693
9.130159	362.816584
9.155174	362.314474
9.180188	361.812365
9.205202	361.310256
9.230216	360.818996
9.255230	360.347667
9.280244	359.876337
9.305258	359.405008
9.330273	358.933679
9.355287	358.462349
9.380301	357.991020
9.405315	357.519690
9.430329	357.048361
9.455343	356.577032
9.480357	356.097583
9.505371	355.603584
9.530386	355.109586
9.555400	354.615587
9.580414	354.121588
9.605428	353.627589
9.630442	353.133590
9.655456	352.639591
9.680470	352.145592
9.705485	351.651593
9.730499	351.168787
9.755513	350.705556
9.780527	350.242325
9.805541	349.779095
9.830555	349.315864
9.855569	348.852633
9.880584	348.389403
9.905598	347.926172
9.930612	347.462941
9.955626	346.999711
9.980640	346.529298
10.005654	346.046629
10.030668	345.563959
10.055682	345.081289
10.080697	344.598619
10.105711	344.115949
10.130725	343.633279
10.155739	343.150609
10.180753	342.667939
10.205767	342.185269
10.230781	341.713539
10.255796	341.260033
10.280810	340.806528
10.305824	340.353022
10.330838	339.899517
10.355852	339.446012
10.380866	338.992506
10.405880	338.539001
10.430894	338.085496
10.455909	337.631990
10.480923	337.170464
10.505937	336.695893
10.530951	336.221322
10.555965	335.746751
10.580979	335.272180
10.605993	334.797608
10.631008	334.323037
10.656022	333.848466
10.681036	333.373895
10.706050	332.899324
10.731064	332.436645
10.756078	331.992854
10.781092	331.549062
10.806107	331.105271
10.831121	330.661479
10.856135	330.217688
10.881149	329.773897
10.906163	329.330105
10.931177	328.886314
10.956191	328.442522
10.981205	327.991747
11.006220	327.530143
11.031234	327.068539
11.056248	326.606935
11.081262	326.145331
11.106276	325.683727
11.131290	325.222123
11.156304	324.760519
11.181319	324.298915
11.206333	323.837311
11.231347	323.386654
11.256361	322.952576
11.281375	322.518498
11.306389	322.084421
11.331403	321.650343
11.356418	321.216266
11.381432	320.782188
11.406446	320.348110
11.431460	319.914033
11.456474	319.479955
11.481488	319.038037
11.506502	318.584520
11.531516	318.131003
11.556531	317.677487
11.581545	317.223970
11.606559	316.770453
11.631573	316.316936
11.656587	315.863419
11.681601	315.409903
11.706615	314.956386
11.731630	314.514797
11.756644	314.090445
11.781658	313.666092
11.806672	313.241740
11.831686	312.817388
11.856700	312.393036
11.881714	311.968683
11.906728	311.544331
11.931743	311.119979
11.956757	310.695627
11.981771	310.263884
12.006785	309.821707
12.031799	309.379531
12.056813	308.937355
12.081827	308.495179
12.106842	308.053002
12.131856	307.610826
12.156870	307.168650
12.181884	306.726473
12.206898	306.284297
12.231912	305.853695
12.256926	305.439056
12.281941	305.024418
12.306955	304.609779
12.331969	304.195141
12.356983	303.780503
12.381997	303.365864
12.407011	302.951226
12.432025	302.536588
12.457039	302.121949
12.482054	301.699031
12.507068	301.264953
12.532082	300.830876
12.557096	300.396798
12.582110	299.962720
12.607124	299.528643
12.632138	299.094565
12.657153	298.660488
12.682167	298.226410
12.707181	297.792332
12.732195	297.370842
12.757209	296.965929
12.782223	296.561016
12.807237	296.156103
12.832251	295.751190
12.857266	295.346277
12.882280	294.941364
12.907294	294.536451
12.932308	294.131538
12.957322	293.726625
12.982336	293.314624
13.007350	292.893503
13.032365	292.472381
13.057379	292.051259
13.082393	291.630137
13.107407	291.209015
13.132421	290.787893
13.157435	290.366771
13.182449	289.945649
13.207464	289.524527
13.232478	289.115602
13.257492	288.722018
13.282506	288.328434
13.307520	287.934850
13.332534	287.541266
13.357548	287.147682
13.382562	286.754098
13.407577	286.360514
13.432591	285.966930
13.457605	285.573346
13.482619	285.172496
13.507633	284.762715
13.532647	284.352933
13.557661	283.943152
13.582676	283.533370
13.607690	283.123589
13.632704	282.713808
13.657718	282.304026
13.682732	281.894245
13.707746	281.484463
13.732760	281.086456
13.757775	280.702597
13.782789	280.318739
13.807803	279.934880
13.832817	279.551021
13.857831	279.167163
13.882845	278.783304
13.907859	278.399445
13.932873	278.015587
13.957888	277.631728
13.982902	277.241164
14.007916	276.842723
14.032930	276.444282
14.057944	276.045841
14.082958	275.647400
14.107972	275.248959
14.132987	274.850518
14.158001	274.452077
14.183015	274.053636
14.208029	273.655195
14.233043	273.268064
14.258057	272.893919
14.283071	272.519775
14.308085	272.145630
14.333100	271.771485
14.358114	271.397340
14.383128	271.023195
14.408142	270.649051
14.433156	270.274906
14.458170	269.900761
14.483184	269.519746
14.508199	269.131019
14.533213	268.742292
14.558227	268.353565
14.583241	267.964838
14.608255	267.576110
14.633269	267.187383
14.658283	266.798656
14.683298	266.409929
14.708312	266.021202
14.733326	265.644060
14.758340	265.279629
14.783354	264.915198
14.808368	264.550767
14.833382	264.186336
14.858396	263.821905
14.883411	263.457474
14.908425	263.093043
14.933439	262.728612
14.958453	262.364182
14.983467	261.993500
15.008481	261.616114
15.033495	261.238727
15.058510	260.861340
15.083524	260.483954
15.108538	260.106567
15.133552	259.729181
15.158566	259.351794
15.183580	258.974408
15.208594	258.597021
15.233609	258.230705
15.258623	257.876000
15.283637	257.521294
15.308651	257.166588
15.333665	256.811883
15.358679	256.457177
15.383693	256.102472
15.408707	255.747766
15.433722	255.393061
15.458736	255.038355
15.483750	254.677247
15.508764	254.309574
15.533778	253.941902
15.558792	253.574229
15.583806	253.206556
15.608821	252.838884
15.633835	252.471211
15.658849	252.103538
15.683863	251.735865
15.708877	251.368193
15.733891	251.011041
15.758905	250.664434
15.783919	250.317827
15.808934	249.971220
15.833948	249.624613
15.858962	249.278006
15.883976	248.931399
15.908990	248.584793
15.934004	248.238186
15.959018	247.891579
15.984033	247.539239
16.009047	247.181280
16.034061	246.823321
16.059075	246.465362
16.084089	246.107403
16.109103	245.749445
16.134117	245.391486
16.159132	245.033527
16.184146	244.675568
16.209160	244.317609
16.234174	243.969584
16.259188	243.631076
16.284202	243.292568
16.309216	242.954060
16.334230	242.615552
16.359245	242.277044
16.384259	241.938536
16.409273	241.600027
16.434287	241.261519
16.459301	240.923011
16.484315	240.578647
16.509329	240.228799
16.534344	239.878950
16.559358	239.529101
16.584372	239.179253
16.609386	238.829404
16.634400	238.479555
16.659414	238.129707
16.684428	237.779858
16.709442	237.430010
16.734457	237.091152
16.759471	236.762357
16.784485	236.433563
16.809499	236.104769
16.834513	235.775975
16.859527	235.447180
16.884541	235.118386
16.909556	234.789592
16.934570	234.460798
16.959584	234.132003
16.984598	233.797225
17.009612	233.457090
17.034626	233.116956
17.059640	232.776821
17.084655	232.436686
17.109669	232.096551
17.134683	231.756417
17.159697	231.416282
17.184711	231.076147
17.209725	230.736012
17.234739	230.406245
17.259753	230.085549
17.284768	229.764854
17.309782	229.444158
17.334796	229.123463
17.359810	228.802767
17.384824	228.482072
17.409838	228.161376
17.434852	227.840681
17.459867	227.519985
17.484881	227.193177
17.509895	226.861141
17.534909	226.529105
17.559923	226.197069
17.584937	225.865033
17.609951	225.532997
17.634966	225.200961
17.659980	224.868925
17.684994	224.536889
17.710008	224.204853
17.735022	223.883398
17.760036	223.570790
17.785050	223.258181
17.810064	222.945573
17.835079	222.632965
17.860093	222.320357
17.885107	222.007748
17.910121	221.695140
17.935135	221.382532
17.960149	221.069923
17.985163	220.751976
18.010178	220.429666
18.035192	220.107355
18.060206	219.785044
18.085220	219.462734
18.110234	219.140423
18.135248	218.818112
18.160262	218.495801
18.185276	218.173491
18.210291	217.851180
18.235305	217.538772
18.260319	217.234274
18.285333	216.929776
18.310347	216.625277
18.335361	216.320779
18.360375	216.016281
18.385390	215.711783
18.410404	215.407285
18.435418	215.102787
18.460432	214.798289
18.485446	214.489243
18.510460	214.176646
18.535474	213.864049
18.560489	213.551452
18.585503	213.238856
18.610517	212.926259
18.635531	212.613662
18.660545	212.301065
18.685559	211.988468
18.710573	211.675872
18.735587	211.371540
18.760602	211.073514
18.785616	210.775488
18.810630	210.477462
18.835644	210.179436
18.860658	209.881410
18.885672	209.583384
18.910686	209.285358
18.935701	208.987332
18.960715	208.689306
18.985729	208.386640
19.010743	208.080515
19.035757	207.774391
19.060771	207.468266
19.085785	207.162141
19.110800	206.856017
19.135814	206.549892
19.160828	206.243767
19.185842	205.937643
19.210856	205.631518
19.235870	205.335705
19.260884	205.047404
19.285898	204.759103
19.310913	204.470803
19.335927	204.182502
19.360941	203.894201
19.385955	203.605901
19.410969	203.317600
19.435983	203.029299
19.460997	202.740999
19.486012	202.447967
19.511026	202.151568
19.536040	201.855168
19.561054	201.558769
19.586068	201.262370
19.611082	200.965970
19.636096	200.669571
19.661110	200.373172
19.686125	200.076772
19.711139	199.780373
19.736153	199.493527
19.761167	199.213325
19.786181	198.933123
19.811195	198.652921
19.836209	198.372719
19.861224	198.092517
19.886238	197.812315
19.911252	197.532113
19.936266	197.251912
19.961280	196.971710
19.986294	196.686678
20.011308	196.398366
20.036323	196.110054
20.061337	195.821742
20.086351	195.533430
20.111365	195.245118
20.136379	194.956806
20.161393	194.668494
20.186407	194.380181
20.211421	194.091869
20.236436	193.814272
20.261450	193.543784
20.286464	193.273296
20.311478	193.002808
20.336492	192.732319
20.361506	192.461831
20.386520	192.191343
20.411535	191.920855
20.436549	191.650367
20.461563	191.379879
20.486577	191.103497
20.511591	190.823295
20.536605	190.543093
20.561619	190.262891
20.586633	189.982689
20.611648	189.702487
20.636662	189.422285
20.661676	189.142083
20.686690	188.861882
20.711704	188.581680
20.736718	188.311397
20.761732	188.047393
20.786747	187.783388
20.811761	187.519384
20.836775	187.255379
20.861789	186.991375
20.886803	186.727370
20.911817	186.463366
20.936831	186.199361
20.961846	185.935357
20.986860	185.668343
21.011874	185.399471
21.036888	185.130598
21.061902	184.861725
21.086916	184.592852
21.111930	184.323979
21.136944	184.055106
21.161959	183.786233
21.186973	183.517360
21.211987	183.248487
21.237001	182.987702
21.262015	182.731797
21.287029	182.475891
21.312043	182.219985
21.337058	181.964079
21.362072	181.708174
21.387086	181.452268
21.412100	181.196362
21.437114	180.940456
21.462128	180.684550
21.487142	180.423548
21.512157	180.159543
21.537171	179.895539
21.562185	179.631534
21.587199	179.367530
21.612213	179.103525
21.637227	178.839521
21.662241	178.575516
21.687255	178.311512
21.712270	178.047507
21.737284	177.793781
21.762298	177.545963
21.787312	177.298144
21.812326	177.050326
21.837340	176.802507
21.862354	176.554689
21.887369	176.306870
21.912383	176.059052
21.937397	175.811233
21.962411	175.563415
21.987425	175.310415
22.012439	175.054509
22.037453	174.798603
22.062467	174.542697
22.087482	174.286792
22.112496	174.030886
22.137510	173.774980
22.162524	173.519074
22.187538	173.263168
22.212552	173.007263
22.237566	172.760775
22.262581	172.519440
22.287595	172.278105
22.312609	172.036770
22.337623	171.795435
22.362637	171.554100
22.387651	171.312765
22.412665	171.071430
22.437680	170.830095
22.462694	170.588760
22.487708	170.341092
22.512722	170.090043
22.537736	169.838994
22.562750	169.587945
22.587764	169.336896
22.612778	169.085848
22.637793	168.834799
22.662807	168.583750
22.687821	168.332701
22.712835	168.081652
22.737849	167.841255
22.762863	167.606404
22.787877	167.371553
22.812892	167.136701
22.837906	166.901850
22.862920	166.666998
22.887934	166.432147
22.912948	166.197296
22.937962	165.962444
22.962976	165.727593
22.987991	165.488441
23.013005	165.247106
23.038019	165.005771
23.063033	164.764436
23.088047	164.523101
23.113061	164.281766
23.138075	164.040431
23.163089	163.799096
23.188104	163.557761
23.213118	163.316426
23.238132	163.083758
23.263146	162.855379
23.288160	162.626999
23.313174	162.398620
23.338188	162.170241
23.363203	161.941861
23.388217	161.713482
23.413231	161.485103
23.438245	161.256723
23.463259	161.028344
23.488273	160.795599
23.513287	160.560748
23.538301	160.325896
23.563316	160.091045
23.588330	159.856193
23.613344	159.621342
23.638358	159.386491
23.663372	159.151639
23.688386	158.916788
23.713400	158.681936
23.738415	158.456997
23.763429	158.236716
23.788443	158.016435
23.813457	157.796155
23.838471	157.575874
23.863485	157.355594
23.888499	157.135313
23.913514	156.915033
23.938528	156.694752
23.963542	156.474471
23.988556	156.248644
24.013570	156.020276
24.038584	155.791908
24.063598	155.563540
24.088612	155.335172
24.113627	155.106805
24.138641	154.878437
24.163655	154.650069
24.188669	154.421701
24.213683	154.193333
24.238697	153.975042
24.263711	153.761245
24.288726	153.547448
24.313740	153.333651
24.338754	153.119854
24.363768	152.906057
24.388782	152.692260
24.413796	152.478463
24.438810	152.264666
24.463824	152.050869
24.488839	151.831425
24.513853	151.609529
24.538867	151.387634
24.563881	151.165738
24.588895	150.943842
24.613909	150.721946
24.638923	150.500051
24.663938	150.278155
24.688952	150.056259
24.713966	149.834364
24.738980	149.621574
24.763994	149.412634
24.789008	149.203693
24.814022	148.994753
24.839037	148.785813
24.864051	148.576873
24.889065	148.367933
24.914079	148.158993
24.939093	147.950053
24.964107	147.741113
24.989121	147.527579
25.014135	147.312156
25.039150	147.096732
25.064164	146.881308
25.089178	146.665885
25.114192	146.450461
25.139206	146.235037
25.164220	146.019614
25.189234	145.804190
25.214249	145.588767
25.239263	145.381442
25.264277	145.177359
25.289291	144.973275
25.314305	144.769192
25.339319	144.565109
25.364333	144.361026
25.389348	144.156943
25.414362	143.952860
25.439376	143.748777
25.464390	143.544693
25.489404	143.337114
25.514418	143.128174
25.539432	142.919234
25.564446	142.710294
25.589461	142.501354
25.614475	142.292414
25.639489	142.083474
25.664503	141.874534
25.689517	141.665594
25.714531	141.456654
25.739545	141.255940
25.764560	141.058341
25.789574	140.860741
25.814588	140.663142
25.839602	140.465542
25.864616	140.267942
25.889630	140.070343
25.914644	139.872743
25.939658	139.675144
25.964673	139.477544
25.989687	139.275213
26.014701	139.071141
26.039715	138.867069
26.064729	138.662998
26.089743	138.458926
26.114757	138.254854
26.139772	138.050783
26.164786	137.846711
26.189800	137.642639
26.214814	137.438568
26.239828	137.242843
26.264842	137.050100
26.289856	136.857357
26.314871	136.664615
26.339885	136.471872
26.364899	136.279129
26.389913	136.086387
26.414927	135.893644
26.439941	135.700902
26.464955	135.508159
26.489969	135.309404
26.514984	135.108562
26.539998	134.907721
26.565012	134.706880
26.590026	134.506038
26.615040	134.305197
26.640054	134.104356
26.665068	133.903514
26.690083	133.702673
26.715097	133.501832
26.740111	133.310682
26.765125	133.122796
26.790139	132.934910
26.815153	132.747025
26.840167	132.559139
26.865181	132.371253
26.890196	132.183367
26.915210	131.995482
26.940224	131.807596
26.965238	131.619710
26.990252	131.426947
27.015266	131.232589
27.040280	131.038231
27.065295	130.843873
27.090309	130.649515
27.115323	130.455158
27.140337	130.260800
27.165351	130.066442
27.190365	129.872084
27.215379	129.677726
27.240394	129.490745
27.265408	129.306101
27.290422	129.121457
27.315436	128.936813
27.340450	128.752169
27.365464	128.567525
27.390478	128.382881
27.415492	128.198237
27.440507	128.013593
27.465521	127.828950
27.490535	127.638110
27.515549	127.445367
27.540563	127.252625
27.565577	127.059882
27.590591	126.867140
27.615606	126.674397
27.640620	126.481654
27.665634	126.288912
27.690648	126.096169
27.715662	125.903426
27.740676	125.719414
27.765690	125.538001
27.790705	125.356587
27.815719	125.175174
27.840733	124.993760
27.865747	124.812346
27.890761	124.630933
27.915775	124.449519
27.940789	124.268106
27.965803	124.086692
27.990818	123.901517
28.015832	123.715258
28.040846	123.528999
28.065860	123.342740
28.090874	123.156481
28.115888	122.970221
28.140902	122.783962
28.165917	122.597703
28.190931	122.411444
28.215945	122.225185
28.240959	122.047785
28.265973	121.872855
28.290987	121.697925
28.316001	121.522995
28.341015	121.348065
28.366030	121.173135
28.391044	120.998205
28.416058	120.823275
28.441072	120.648345
28.466086	120.473415
28.491100	120.293387
28.516114	120.111985
28.541129	119.930583
28.566143	119.749181
28.591157	119.567778
28.616171	119.386376
28.641185	119.204974
28.666199	119.023572
28.691213	118.842170
28.716228	118.660768
28.741242	118.490933
28.766256	118.324113
28.791270	118.157293
28.816284	117.990473
28.841298	117.823654
28.866312	117.656834
28.891326	117.490014
28.916341	117.323194
28.941355	117.156374
28.966369	116.989554
28.991383	116.817546
29.016397	116.644231
29.041411	116.470916
29.066425	116.297601
29.091440	116.124286
29.116454	115.950971
29.141468	115.777656
29.166482	115.604341
29.191496	115.431026
29.216510	115.257712
29.241524	115.060951
29.266539	114.858494
29.291553	114.656037
29.316567	114.453581
29.341581	114.251124
29.366595	114.048668
29.391609	113.846211
29.416623	113.643755
29.441637	113.441298
29.466652	113.238842
29.491666	112.993080
29.516680	112.737174
29.541694	112.481269
29.566708	112.225363
29.591722	111.969457
29.616736	111.713551
29.641751	111.457645
29.666765	111.201740
29.691779	110.945834
29.716793	110.689928
29.741807	106.570129
29.766821	101.578259
29.791835	96.586390
29.816849	91.594521
29.841864	86.602651
29.866878	81.610782
29.891892	76.618912
